0    5.61 
24   4.81
48   5.34
72   3.58
168  2.30
0    5.38
24   5.23
72   4.20
144  3.59
192  2.41
0    6.59
24   5.60
72   4.20
144  3.97
168  2.80
0    5.45 
24   5.40
48   5.34
72   5.11
168  3.74
216  3.70
240  3.65
0    5.54
24   5.48
48   5.43
120  3.91
144  3.86
168  3.70
264  3.53
0    6.41
48   5.61
192  4.85
336  4.04
0    5.99
48   5.95
144  5.00
288  4.91
360  3.60
0    6.18
48   6.32
72   5.76
96   4.92
168  5.06
216  3.60
0    5.47
24   5.25
48   5.49
72   4.94
96   4.77
168  3.08
